0.33
0.33
0.29
0.29
0.35
0.35
0.21
0.42
0.46
0.40
0.18
0.00
0.22
0.42
0.61
0.39
0.42
0.32
0.30
0.42
0.51
0.41
0.41
0.46
0.49
0.67
0.44
0.44
0.27
0.47
0.38
0.39
0.43
0.43
0.37
0.26
0.45
0.70
0.56
0.60
0.49
0.63
0.57
0.51
0.54
0.40
0.22
0.56
0.56
0.56
0.56
0.42
0.61
0.38
0.62
0.84
0.43
0.70
0.91
0.65
0.65
0.48
0.15
0.35
0.55
0.39
0.39
0.41
0.42
0.43
0.22
0.00
0.12
0.23
0.23
0.23
0.32
0.43
0.46
0.46
0.33
0.12
0.12
0.01
0.23
0.23
0.23
0.43
0.22
0.22
0.22
0.00
0.22
0.22
0.22
0.43
0.43
0.65
0.65
0.43
0.43
0.43
0.34
0.34
0.56
0.34
0.21
0.47
0.26
0.42
0.42
0.24
0.45
0.49
0.50
0.54
0.43
0.22
0.33
0.48
0.27
0.70
0.80
0.80
0.78
1.00
1.00
0.51
0.49
1.00
0.99
