0.19
0.19
0.19
0.19
0.18
0.34
0.34
0.38
0.38
0.38
0.38
0.38
0.38
0.27
0.08
0.08
0.19
0.33
0.14
0.38
0.56
0.25
0.27
0.19
0.17
0.33
0.35
0.35
0.19
0.57
0.57
0.38
0.38
0.38
0.18
0.45
0.48
0.54
0.54
0.43
0.22
0.40
0.36
0.29
0.29
0.35
0.49
0.23
0.40
0.62
0.49
0.47
0.45
0.49
0.34
0.31
0.43
0.35
0.00
0.18
0.34
0.35
0.45
0.43
0.61
0.44
0.57
0.57
0.38
0.38
0.75
0.52
0.52
0.50
0.14
0.31
0.31
0.13
0.31
0.47
0.29
0.12
0.12
0.18
0.34
0.42
0.27
0.26
0.42
0.34
0.19
0.19
0.38
0.19
0.17
0.17
0.13
0.27
0.38
0.53
0.49
0.40
0.63
0.57
0.57
0.56
0.94
0.57
0.76
0.72
0.79
0.68
0.53
0.53
0.43
0.43
0.37
0.56
0.38
0.19
0.18
0.44
0.25
0.29
0.66
0.52
0.52
0.36
0.00
0.19
0.19
0.27
0.46
0.46
0.45
0.75
0.38
0.57
0.53
0.50
0.54
0.19
0.18
0.37
0.19
0.00
0.19
0.38
0.38
0.35
0.33
0.17
0.15
0.34
0.37
0.19
0.19
0.19
0.00
0.19
0.27
0.24
0.45
0.57
0.29
0.19
0.38
0.48
0.29
0.07
0.25
0.46
0.57
0.41
0.24
0.31
0.38
0.38
0.19
0.19
0.38
0.19
0.18
0.45
0.36
0.35
0.51
0.44
0.47
0.46
0.27
0.26
0.53
0.50
0.48
0.81
0.70
0.70
0.69
1.00
1.00
0.52
0.29
0.60
0.62
0.61
0.68
0.29
0.33
0.33
0.11
0.62
0.51
0.83
1.00
1.00
1.00
1.00
1.00
1.00
