0.15
0.15
0.17
0.26
0.13
0.25
0.21
0.16
0.27
0.33
0.17
0.24
0.40
0.58
0.75
0.67
0.66
0.81
0.47
0.31
0.15
0.23
0.23
0.28
0.44
0.65
0.36
0.41
0.55
0.47
0.33
0.33
0.26
0.16
0.28
0.27
0.32
0.40
0.24
0.23
0.35
0.33
0.38
0.39
0.36
0.19
0.16
0.30
0.38
0.50
0.36
0.33
0.23
0.27
0.43
0.44
0.48
0.49
0.45
0.34
0.48
0.48
0.28
0.11
0.28
0.17
0.17
0.29
0.12
0.27
0.42
0.48
0.65
0.34
0.67
0.84
0.84
1.00
1.00
0.85
1.00
0.80
0.50
0.79
0.29
0.10
0.38
0.56
0.56
0.55
0.49
0.50
0.28
0.27
0.54
0.59
0.59
0.42
0.15
0.15
0.34
0.34
0.46
0.46
0.77
0.96
0.82
0.82
0.54
0.00
0.28
0.56
0.56
0.47
0.36
0.42
0.42
0.50
0.62
0.60
0.88
0.61
0.77
0.87
0.65
0.70
0.42
0.27
0.64
0.40
0.64
1.00
0.85
0.80
0.62
0.59
0.35
0.62
0.89
0.70
0.63
0.47
0.57
0.57
0.30
0.63
0.63
0.91
0.92
0.89
0.89
0.83
0.24
0.28
0.68
0.64
0.70
0.57
0.12
0.12
0.30
0.30
0.27
0.40
0.43
0.74
0.44
0.10
0.40
0.30
0.27
0.52
0.55
0.85
0.70
1.00
0.96
0.46
0.64
1.00
0.99
