0.15
0.15
0.17
0.33
0.34
0.30
0.47
0.44
0.50
0.37
0.40
0.34
0.23
0.23
0.22
0.31
0.48
0.37
0.20
0.22
0.38
0.33
0.51
0.51
0.34
0.46
0.63
0.42
0.39
0.40
0.27
0.44
0.44
0.29
0.12
0.14
0.35
0.35
0.35
0.55
0.41
0.50
0.47
0.55
0.56
0.40
0.42
0.43
0.12
0.27
0.43
0.48
0.32
0.31
0.55
0.39
0.40
0.42
0.31
0.00
0.17
0.34
0.34
0.29
0.12
0.27
0.42
0.48
0.65
0.34
0.67
0.84
0.84
1.00
1.00
0.85
1.00
0.64
0.41
0.56
0.24
0.31
0.49
0.27
0.30
0.40
0.48
0.48
0.62
0.44
0.39
0.62
0.31
0.09
0.12
0.12
0.22
0.45
0.48
0.26
0.30
0.30
0.78
1.00
0.98
0.98
0.83
0.35
0.27
0.32
0.59
0.59
0.42
0.53
0.30
0.24
0.50
0.26
0.09
0.34
0.75
1.00
0.99
0.94
1.00
1.00
0.84
0.95
0.85
1.00
0.90
0.95
1.00
1.00
0.77
0.45
0.58
0.36
0.70
0.63
0.65
0.36
0.18
0.18
0.18
0.86
0.68
0.64
1.00
1.00
1.00
0.98
0.97
0.89
1.00
1.00
0.50
0.50
0.50
0.50
