0.12
0.12
0.00
0.07
0.07
0.07
0.00
0.17
0.34
0.34
0.24
0.08
0.24
0.37
0.17
0.00
0.10
0.32
0.32
0.32
0.34
0.37
0.44
0.44
0.35
0.35
0.17
0.23
0.40
0.40
0.45
0.55
0.45
0.42
0.41
0.34
0.33
0.38
0.38
0.39
0.24
0.33
0.30
0.25
0.26
0.31
0.43
0.20
0.35
0.60
0.49
0.47
0.36
0.34
0.26
0.31
0.48
0.17
0.17
0.44
0.45
0.45
0.40
0.13
0.39
0.39
0.11
0.28
0.17
0.50
0.67
0.84
1.00
1.00
0.85
1.00
0.95
0.60
0.93
0.66
0.67
0.78
0.44
0.51
0.84
0.56
0.54
0.78
0.81
0.81
0.78
0.97
0.33
0.65
0.92
0.94
1.00
1.00
1.00
0.35
0.57
1.00
0.84
0.37
0.44
0.73
1.00
0.55
0.29
0.09
0.00
0.50
1.00
0.50
0.76
0.76
0.32
0.82
1.00
0.85
0.35
0.41
0.89
0.98
1.00
1.00
